5298755.0    00016    00001    1241.0	c
5298755.0    00017    00001    1114.0   c
5298755.0    00017    00001    13970.0  c
5298755.0    00017    00001    181.0    c
5298755.0    00017    00001    258.0    c
5298755.0    00018    00001    12213.0  c
5298755.0    00018    00001    12665.0  c
5298755.0    00018    00001    2515.0   c
5298755.0    00018    00001    291.0    c
5298755.0    00018    00001    6828.0   c
5298755.0    00018    00001    8254.0   c
5298755.0    00018    00001    8409.0   c
5298755.0    00018    00001    9389.0   c  
5298755.0    00019    00001    10434.0  c
5298755.0    00019    00001    10598.0  c
5298755.0    00019    00001    10782.0  c
5298755.0    00019    00001    10810.0  c
5298755.0    00019    00001    11323.0  c
5298755.0    00019    00001    14653.0  c
5298755.0    00019    00001    14695.0  c
5298755.0    00019    00001    14972.0  c
5298755.0    00019    00001    15283.0  c 
5298755.0    00019    00001    16532.0  c 
5298755.0    00019    00001    2268.0   c
5298755.0    00019    00001    397.0    c
5298755.0    00019    00001    6003.0   c
5298755.0    00019    00001    6500.0   c
5298755.0    00019    00001    6725.0   c
5298755.0    00019    00001    9826.0   c
5298755.0    00020    00001    12785.0	...
5298755.0    00020    00001    15745.0
5298755.0    00020    00001    15764.0
5298755.0    00020    00001    15765.0
5298755.0    00020    00001    15771.0
5298755.0    00020    00001    15986.0
5298755.0    00020    00001    17775.0
5298755.0    00020    00001    18198.0
5298755.0    00020    00001    18356.0
5298755.0    00020    00001    19154.0
5298755.0    00020    00001    23720.0
5298755.0    00020    00001    256.0
5298755.0    00020    00001    5969.0
5298755.0    00020    00001    6801.0
5298755.0    00020    00001    7363.0
5298755.0    00020    00001    7756.0
5298755.0    00020    00001    7971.0
5298755.0    00020    00001    8155.0
5298755.0    00020    00001    9113.0
5298755.0    00021    00001    10183.0
5298755.0    00021    00001    12834.0
5298755.0    00021    00001    13064.0
5298755.0    00021    00001    13196.0
5298755.0    00021    00001    13243.0
5298755.0    00021    00001    13857.0
5298755.0    00021    00001    14184.0
5298755.0    00021    00001    1459.0
5298755.0    00021    00001    14776.0
5298755.0    00021    00001    15346.0
5298755.0    00021    00001    15388.0
5298755.0    00021    00001    15906.0
5298755.0    00021    00001    15908.0
5298755.0    00021    00001    15914.0
5298755.0    00021    00001    17081.0
5298755.0    00021    00001    19818.0
5298755.0    00021    00001    20288.0
5298755.0    00021    00001    20453.0
5298755.0    00021    00001    373.0
5298755.0    00021    00001    9730.0
5298755.0    00022    00001    14216.0
5298755.0    00022    00001    14913.0
5298755.0    00022    00001    16661.0
5298755.0    00022    00001    17147.0
5298755.0    00022    00001    17153.0
5298755.0    00022    00001    17388.0
5298755.0    00022    00001    17577.0
5298755.0    00022    00001    17996.0
5298755.0    00022    00001    18449.0
5298755.0    00022    00001    18632.0
5298755.0    00022    00001    18704.0
5298755.0    00022    00001    18714.0
5298755.0    00022    00001    18886.0
5298755.0    00022    00001    19234.0
5298755.0    00022    00001    19444.0
5298755.0    00022    00001    19813.0
5298755.0    00022    00001    20635.0
5298755.0    00022    00001    22460.0
5298755.0    00022    00001    22648.0
5298755.0    00022    00001    22814.0
5298755.0    00022    00001    23110.0
5298755.0    00022    00001    23118.0
5298755.0    00022    00001    23354.0
5298755.0    00022    00001    23541.0
5298755.0    00022    00001    23754.0
5298755.0    00022    00001    25332.0
5298755.0    00022    00001    26048.0
5298755.0    00022    00001    26326.0
5298755.0    00022    00001    27262.0
5298755.0    00022    00001    31424.0
5298755.0    00023    00001    18562.0
5298755.0    00023    00001    18802.0
5298755.0    00023    00001    19665.0
5298755.0    00023    00001    21015.0
5298755.0    00023    00001    21621.0
5298755.0    00023    00001    22618.0
5298755.0    00023    00001    23072.0
5298755.0    00023    00001    24313.0
5298755.0    00023    00001    24453.0
5298755.0    00023    00001    24604.0
5298755.0    00023    00001    24977.0
5298755.0    00023    00001    24983.0
5298755.0    00023    00001    25265.0
5298755.0    00023    00001    25414.0
5298755.0    00023    00001    26038.0
5298755.0    00023    00001    26260.0
5298755.0    00023    00001    26682.0
5298755.0    00023    00001    27014.0
5298755.0    00023    00001    27250.0
5298755.0    00023    00001    28654.0
5298755.0    00023    00001    29768.0
5298755.0    00023    00001    29946.0
5298755.0    00023    00001    29961.0
5298755.0    00023    00001    30125.0
5298755.0    00023    00001    30437.0
5298755.0    00023    00001    30451.0
5298755.0    00023    00001    31058.0
5298755.0    00023    00001    32245.0
5298755.0    00023    00002    15016.0
5298755.0    00023    00002    15690.0
5298755.0    00023    00002    16238.0
5298755.0    00023    00002    16396.0
5298755.0    00023    00002    17342.0
5298755.0    00023    00002    17631.0
5298755.0    00023    00002    17815.0
5298755.0    00023    00002    20037.0
5298755.0    00023    00002    20043.0
5298755.0    00023    00002    20336.0
5298755.0    00023    00002    21419.0	...
5298755.0    00023    00002    25295.0	c
5298755.0    00023    00002    26594.0	c
5298755.0    00024    00001    10259.0
5298755.0    00024    00001    10522.0
5298755.0    00024    00001    15727.0
5298755.0    00024    00001    17336.0
5298755.0    00024    00001    17339.0
5298755.0    00024    00001    17659.0
5298755.0    00024    00001    17900.0
5298755.0    00024    00001    18495.0
5298755.0    00024    00001    19321.0
5298755.0    00024    00001    20011.0
5298755.0    00024    00001    20194.0
5298755.0    00024    00001    20392.0
5298755.0    00024    00001    20395.0
5298755.0    00024    00001    20884.0
5298755.0    00024    00001    20885.0
5298755.0    00024    00001    21065.0
5298755.0    00024    00001    21247.0
5298755.0    00024    00001    22133.0
5298755.0    00024    00001    23080.0
5298755.0    00024    00001    24057.0
5298755.0    00024    00001    24292.0
5298755.0    00024    00001    24294.0
5298755.0    00024    00001    24626.0
5298755.0    00024    00001    26015.0
5298755.0    00024    00001    26017.0
5298755.0    00024    00001    26019.0
5298755.0    00024    00001    26701.0
5298755.0    00024    00001    26703.0
5298755.0    00024    00001    26869.0
5298755.0    00024    00001    27142.0
5298755.0    00024    00001    27980.0
5298755.0    00024    00001    29015.0
5298755.0    00024    00001    29334.0
5298755.0    00024    00001    29689.0
5298755.0    00024    00001    30013.0
5298755.0    00024    00001    30193.0
5298755.0    00024    00001    30370.0
5298755.0    00024    00001    30549.0
5298755.0    00024    00001    34494.0
5298755.0    00024    00001    35099.0
5298755.0    00024    00001    36863.0
5298755.0    00024    00001    36871.0
5298755.0    00024    00001    38032.0
5298755.0    00024    00002    10136.0
5298755.0    00024    00002    12392.0
5298755.0    00024    00002    13270.0
5298755.0    00024    00002    13438.0
5298755.0    00024    00002    15466.0
5298755.0    00024    00002    15779.0
5298755.0    00024    00002    16667.0
5298755.0    00024    00002    16883.0
5298755.0    00024    00002    17224.0
5298755.0    00024    00002    17349.0
5298755.0    00024    00002    17523.0
5298755.0    00024    00002    17525.0
5298755.0    00024    00002    17689.0
5298755.0    00024    00002    18092.0
5298755.0    00024    00002    18269.0
5298755.0    00024    00002    19216.0
5298755.0    00024    00002    19938.0
5298755.0    00024    00002    19939.0
5298755.0    00024    00002    19943.0
5298755.0    00024    00002    19946.0
5298755.0    00024    00002    20488.0
5298755.0    00024    00002    20702.0
5298755.0    00024    00002    20704.0
5298755.0    00024    00002    20923.0
5298755.0    00024    00002    21113.0
5298755.0    00024    00002    21117.0
5298755.0    00024    00002    21285.0
5298755.0    00024    00002    21286.0
5298755.0    00024    00002    21463.0
5298755.0    00024    00002    21825.0
5298755.0    00024    00002    22251.0
5298755.0    00024    00002    22497.0
5298755.0    00024    00002    23084.0
5298755.0    00024    00002    23297.0
5298755.0    00024    00002    24232.0
5298755.0    00024    00002    24438.0
5298755.0    00024    00002    25556.0
5298755.0    00024    00002    26571.0
5298755.0    00024    00002    26957.0
5298755.0    00024    00002    30494.0
5298755.0    00024    00002    30838.0
5298755.0    00024    00002    31153.0
5298755.0    00024    00002    31624.0
5298755.0    00024    00002    32917.0
5298755.0    00024    00002    33334.0
5298755.0    00024    00002    8478.0
5298755.0    00024    00002    9754.0
5298755.0    00025    00001    10142.0
5298755.0    00025    00001    10369.0
5298755.0    00025    00001    10536.0
5298755.0    00025    00001    10824.0
5298755.0    00025    00001    11541.0
5298755.0    00025    00001    11772.0
5298755.0    00025    00001    12963.0
5298755.0    00025    00001    14163.0
5298755.0    00025    00001    14164.0
5298755.0    00025    00001    15493.0
5298755.0    00025    00001    16042.0
5298755.0    00025    00001    16245.0
5298755.0    00025    00001    17044.0
5298755.0    00025    00001    17252.0
5298755.0    00025    00001    18082.0
5298755.0    00025    00001    18369.0
5298755.0    00025    00001    18597.0
5298755.0    00025    00001    18846.0
5298755.0    00025    00001    19066.0
5298755.0    00025    00001    19246.0
5298755.0    00025    00001    2019.0
5298755.0    00025    00001    21835.0
5298755.0    00025    00001    21837.0
5298755.0    00025    00001    23737.0
5298755.0    00025    00001    25017.0
5298755.0    00025    00001    27311.0
5298755.0    00025    00001    2939.0
5298755.0    00025    00001    29980.0
5298755.0    00025    00001    29983.0
5298755.0    00025    00001    32594.0
5298755.0    00025    00001    5739.0
5298755.0    00025    00001    7544.0
5298755.0    00025    00001    7800.0
5298755.0    00025    00001    839.0
5298755.0    00025    00001    8441.0
5298755.0    00025    00001    8458.0
5298755.0    00025    00001    9025.0
5298755.0    00025    00001    9029.0
5298755.0    00025    00001    9498.0
5298755.0    00025    00001    9499.0
5298755.0    00025    00002    10034.0
5298755.0    00025    00002    10195.0
5298755.0    00025    00002    10207.0
5298755.0    00025    00002    10534.0
5298755.0    00025    00002    10540.0
5298755.0    00025    00002    11025.0
5298755.0    00025    00002    11552.0
5298755.0    00025    00002    11716.0
5298755.0    00025    00002    12606.0
5298755.0    00025    00002    12936.0
5298755.0    00025    00002    13068.0
5298755.0    00025    00002    13071.0
5298755.0    00025    00002    13212.0
5298755.0    00025    00002    13214.0
5298755.0    00025    00002    13358.0
5298755.0    00025    00002    13725.0
5298755.0    00025    00002    14044.0
5298755.0    00025    00002    14215.0
5298755.0    00025    00002    14680.0
5298755.0    00025    00002    14906.0
5298755.0    00025    00002    14909.0
5298755.0    00025    00002    15612.0
5298755.0    00025    00002    16364.0
5298755.0    00025    00002    17120.0
5298755.0    00025    00002    17849.0
5298755.0    00025    00002    18022.0
5298755.0    00025    00002    1804.0
5298755.0    00025    00002    18346.0
5298755.0    00025    00002    18499.0
5298755.0    00025    00002    18991.0
5298755.0    00025    00002    19724.0
5298755.0    00025    00002    20023.0
5298755.0    00025    00002    21455.0
5298755.0    00025    00002    22106.0
5298755.0    00025    00002    22275.0
5298755.0    00025    00002    22470.0
5298755.0    00025    00002    25274.0
5298755.0    00025    00002    27.0
5298755.0    00025    00002    32641.0
5298755.0    00025    00002    32799.0
5298755.0    00025    00002    6053.0
5298755.0    00025    00002    6064.0
5298755.0    00025    00002    6515.0
5298755.0    00025    00002    6795.0
5298755.0    00025    00002    7382.0
5298755.0    00025    00002    7724.0
5298755.0    00025    00002    8459.0
5298755.0    00025    00002    8461.0
5298755.0    00025    00002    8796.0
5298755.0    00025    00002    8802.0
5298755.0    00025    00002    8993.0
5298755.0    00025    00002    9137.0
5298755.0    00025    00002    9327.0
5298755.0    00025    00002    9338.0
5298755.0    00025    00002    979.0
5298755.0    00025    00002    983.0
5298755.0    00025    00002    9848.0
5298755.0    00025    00002    9872.0
5298755.0    00026    00002    10135.0
5298755.0    00026    00002    1897.0
5298755.0    00026    00002    21526.0
5298755.0    00026    00002    25117.0
5298755.0    00026    00002    252.0
5298755.0    00026    00002    2637.0
5298755.0    00026    00002    3199.0
5298755.0    00026    00002    3894.0
5298755.0    00026    00002    3923.0
5298755.0    00026    00002    5989.0
5298755.0    00026    00002    6257.0
5298755.0    00026    00002    6537.0
5298755.0    00026    00002    6985.0
5298755.0    00026    00002    8033.0
5298755.0    00026    00002    9049.0
5298755.0    00026    00002    9525.0
5298755.0    00026    00002    9561.0
5298755.0    00026    00002    9696.0
5298755.0    00026    00002    9706.0
5298755.0    00027    00002    1310.0
5298755.0    00027    00002    2243.0
5298755.0    00027    00002    2956.0
5298755.0    00027    00002    2998.0
5298755.0    00027    00002    3001.0
5298755.0    00027    00002    380.0
5298755.0    00027    00002    427.0
5298755.0    00027    00002    494.0
5298755.0    00027    00002    541.0
5298755.0    00027    00002    7218.0
5298755.0    00027    00002    7625.0
5298755.0    00027    00002    8940.0
5298755.0    00028    00002    1015.0
5298755.0    00028    00002    1196.0
5298755.0    00028    00002    1210.0
5298755.0    00028    00002    1599.0
5298755.0    00028    00002    1723.0
5298755.0    00028    00002    1890.0
5298755.0    00028    00002    2073.0
5298755.0    00028    00002    2268.0
5298755.0    00028    00002    2588.0
5298755.0    00028    00002    2774.0
5298755.0    00028    00002    3142.0
5298755.0    00028    00002    3323.0
5298755.0    00028    00002    3639.0
5298755.0    00028    00002    4235.0
5298755.0    00028    00002    4437.0
5298755.0    00028    00002    530.0
5298755.0    00028    00002    589.0
5298755.0    00028    00002    788.0
5298755.0    00028    00002    806.0
5298755.0    00028    00003    10.0
5298755.0    00028    00003    1065.0
5298755.0    00028    00003    12.0
5298755.0    00028    00003    1378.0
5298755.0    00028    00003    1675.0
5298755.0    00028    00003    2151.0
5298755.0    00028    00003    32.0
5298755.0    00028    00003    910.0
5298755.0    00029    00002    1006.0
5298755.0    00029    00002    1051.0
5298755.0    00029    00002    1067.0
5298755.0    00029    00002    1528.0
5298755.0    00029    00002    1530.0
5298755.0    00029    00002    1946.0
5298755.0    00029    00002    3633.0
5298755.0    00029    00002    3634.0
5298755.0    00029    00002    5310.0
5298755.0    00029    00002    5312.0
5298755.0    00029    00002    6329.0
5298755.0    00029    00003    1042.0
5298755.0    00029    00003    1210.0
5298755.0    00029    00003    1625.0
5298755.0    00029    00003    1640.0
5298755.0    00029    00003    22.0
5298755.0    00029    00003    3094.0
5298755.0    00029    00003    3299.0
5298755.0    00029    00003    3310.0
5298755.0    00029    00003    3311.0
5298755.0    00029    00003    51.0
5298755.0    00029    00003    9.0

